X <- 2
Y <- X + 1
